[7696,
6352,
5672,
8291,
6413,
5791,
6870,
7702,
7193,
7545,
4673,
7703,
8300,
4294,
6280,
8303,
6978,
4502,
4303,
8196,
3575,
8539,
6404,
6980,
5069,
4310,
4312,
6283,
6984,
6873,
7259,
5724,
6288,
4348,
4350,
4351,
4355,
8395,
5522,
5076,
5078,
8396,
7650,
6864,
6346,
6297,
6298,
7548,
4367,
6654,
4370,
6655,
7570,
4371,
6300,
6879,
7264,
5535,
4374,
6880,
7265,
4376,
5090,
4382,
7549,
4390,
7708,
4391,
8173,
7840,
5102,
7578,
6353,
6314,
5103,
4443,
6347,
8204,
5728,
4448,
4450,
7584,
6526,
7849,
5561,
6354,
6696,
5106,
9121,
7587,
4456,
6890,
6703,
4457,
6705,
4458,
6356,
9122,
5575,
5578,
4468,
4469,
6893,
5585,
8206,
7284,
6355,
9125,
6897,
7533,
4474,
8036,
8401,
5592,
4890,
6718,
5342,
8403,
8208,
6721,
4892,
6899,
6900,
8626,
6549,
4039,
4041,
5617,
4898,
7552,
4047,
7615,
6731,
8645,
4052,
8654,
6761,
6073,
4082,
5411,
5420,
3223,
6769,
7554,
4132,
4135,
4915,
6534,
6527,
8050,
6779,
4144,
4145,
4146,
7303,
4924,
7305,
7535,
6861,
8316,
8710,
5446,
7307,
5448,
5450,
7555,
7351,
8218,
6993,
4231,
4234,
4235,
5680,
3383,
4240,
6535,
4249,
4251,
7311,
5465,
7556,
4943,
6866,
4290,
3984,
8743,
7314,
7897,
5655,
8746,
6103,
6523,
6105,
7453,
4957,
6536,
3823,
3825,
4958,
6113,
3826,
3828,
3830,
3835,
3838,
8764,
3845,
6539,
7537,
8769,
7322,
3848,
3849,
7559,
3854,
3856,
5681,
3861,
4967,
5742,
5658,
3866,
6428,
5743,
8789,
7364,
4970,
6429,
5623,
8797,
3877,
4535,
4975,
5682,
4976,
3202,
8810,
3902,
3903,
8814,
3904,
8240,
3906,
6997,
3907,
7629,
7538,
6123,
3982,
6809,
6125,
3928,
7781,
7544,
8828,
5624,
5625,
6133,
3943,
7463,
3946,
3954,
5660,
3968,
4007,
4008,
3697,
8871,
5863,
5685,
5864,
5003,
6148,
6149,
4574,
6153,
6154,
8888,
3727,
8892,
5343,
5295,
6451,
7119,
3735,
3738,
5753,
4756,
6902,
6903,
7481,
3429,
5604,
5607,
7482,
7790,
6823,
5319,
5688,
5609,
7399,
6904,
5689,
3758,
6826,
5332,
5326,
3768,
3771,
7133,
6170,
6834,
3777,
6394,
8462,
3783,
3789,
3158,
3795,
6913,
6401,
6910,
5346,
3439,
6827,
5757,
3594,
5377,
5948,
7140,
5952,
6915,
3617,
3618,
5955,
5958,
5959,
4818,
5368,
6863,
5761,
7664,
6917,
3642,
7564,
3646,
7150,
5136,
3661,
5142,
6503,
5153,
7939,
4124,
3675,
4837,
3678,
3679,
3684,
6924,
5983,
8499,
3692,
3693,
3694,
6551,
5170,
7164,
6867,
3477,
5991,
3480,
5297,
5195,
5998,
8378,
6001,
8275,
7166,
6920,
7958,
6349,
6216,
8154,
3496,
7687,
7235,
3499,
7171,
3501,
3504,
7688,
3515,
3520,
3521,
7969,
7661,
6951,
6015,
8517,
7662,
5237,
6737,
9106,
6739,
6021,
4881,
7524,
3535,
3540,
6750,
6751,
6259,
6753,
5027,
3549,
5344,
6754,
8170,
3554,
6755,
5036,
8283,
5772,
3556,
8284,
7568,
7185,
6037,
3560,
3561,
7998,
6041,
4653,
5378,
7251,
4660,
8532,
7699,
8292,
6871,
6964,
6765,
8535,
6059,
6547,
8008,
8009,
4304,
6874,
7258,
8545,
4347,
6987,
8198,
4769,
6877,
3277,
8019,
5925,
4362,
8199,
4505,
5085,
8397,
7261,
4368,
5491,
5926,
5089,
6445,
6812,
5092,
7267,
6883,
6307,
5099,
4425,
6885,
7809,
4394,
8560,
4187,
4442,
5556,
4444,
6316,
6888,
6819,
6071,
4453,
3189,
3178,
8025,
6700,
5567,
7851,
7009,
7602,
4100,
5111,
7603,
5573,
5574,
8026,
5113,
4465,
7653,
7859,
9124,
4467,
5322,
4471,
6418,
6363,
8207,
3357,
7328,
6420,
6530,
5808,
3980,
4478,
7667,
4481,
5605,
7542,
8404,
7609,
3359,
7654,
6368,
9128,
3117,
4151,
7612,
6898,
6370,
6725,
5679,
7740,
8042,
4042,
4619,
5380,
4901,
5812,
5215,
4051,
7655,
4056,
5394,
6741,
5399,
4069,
4081,
7294,
8674,
8675,
7347,
7656,
4085,
5419,
4097,
7553,
8047,
5312,
5425,
5429,
6782,
5436,
7870,
4156,
4922,
5442,
5652,
7669,
5739,
3370,
6086,
5654,
8059,
4931,
4212,
6557,
4233,
8061,
6560,
4244,
8725,
6563,
4940,
4266,
8731,
7448,
6093,
4273,
4289,
5467,
4945,
3221,
4947,
5219,
3245,
7557,
8748,
6817,
8075,
5395,
8753,
6112,
8420,
6425,
8076,
4960,
3831,
5477,
3836,
6114,
3844,
4963,
3846,
6583,
6996,
7624,
4195,
5485,
4966,
8777,
6116,
5657,
4969,
8423,
8790,
3873,
7068,
5203,
3248,
8428,
7108,
5683,
7109,
8089,
3185,
3911,
5744,
8823,
7458,
4987,
3925,
7381,
6127,
8830,
5249,
6622,
7746,
6625,
8834,
6636,
8849,
6638,
6136,
6137,
4926,
3699,
5684,
4200,
3704,
5264,
8102,
7116,
3706,
6434,
8879,
9089,
4103,
8342,
4560,
9091,
7637,
8251,
8109,
4196,
7473,
6795,
5221,
7476,
6452,
5301,
3737,
7122,
5686,
6901,
8112,
5781,
8449,
7123,
5304,
5486,
8353,
6378,
5306,
6157,
6541,
3747,
6158,
3179,
3311,
6161,
5316,
6163,
7129,
5875,
3761,
3765,
8456,
6832,
7644,
4766,
7131,
3775,
5755,
3181,
6838,
3784,
6907,
5613,
8359,
6839,
5614,
6908,
5389,
6439,
7411,
4774,
3800,
6402,
9095,
7648,
5396,
5345,
6911,
4778,
3804,
3805,
4779,
8362,
3809,
3593,
3595,
3597,
5615,
6528,
8136,
8138,
3604,
3608,
7563,
6442,
7142,
6412,
3207,
5616,
7494,
5126,
8142,
8939,
7146,
6918,
7496,
3640,
3651,
3652,
3654,
8366,
7935,
8267,
5487,
3663,
5493,
2193,
5144,
5145,
7938,
5146,
6504,
5975,
3123,
5390,
7157,
5154,
4639,
7511,
5978,
5979,
4843,
8271,
5692,
5981,
3855,
3688,
5171,
5294,
5172,
3475,
8502,
4126,
7515,
5765,
4856,
5489,
6940,
7223,
5193,
2504,
4538,
7566,
3489,
3493,
9101,
4644,
3495,
4863,
4004,
5360,
3509,
3511,
6013,
5226,
3516,
7721,
7797,
6224,
8162,
3527,
4868,
7178,
4871,
4647,
4714,
5236,
6738,
6296,
2195,
6952,
6260,
7770,
3167,
5028,
6954,
3551,
3552,
9070,
6028,
5031,
4486,
6757,
5048,
4489,
4491,
7527,
7995,
4496,
6868,
7999,
8287,
8188,
4658,
6759,
6869,
7528,
4788,
8191,
4791,
7253,
6872,
5720,
3253,
4667,
9111,
7671,
4726,
4674,
6973,
5918,
4295,
8302,
4301,
4497,
4302,
7817,
8010,
7532,
7540,
3195,
5068,
4729,
3212,
9119,
5515,
3579,
7772,
4356,
5523,
7547,
7823,
7596,
7824,
7203,
3276,
4369,
6443,
6444,
2964,
3286,
4383,
4506,
8556,
4224,
7271,
8024,
7808,
4395,
7273,
4396,
4401,
5699,
7274,
5554,
7845,
5650,
7275,
3135,
4451,
2518,
6695,
8571,
7652,
7850,
5371,
6820,
5730,
5570,
4462,
4510,
7856,
7011,
4466,
1914,
5115,
5116,
8583,
5586,
3187,
6362,
8587,
6896,
6865,
3060,
4473,
4710,
2013,
4720,
4479,
7288,
7607,
7673,
5600,
6717,
6423,
5622,
8606,
7021,
4021,
7610,
5733,
3397,
4029,
4030,
8618,
8621,
4035,
8624,
7026,
7551,
5701,
9084,
7741,
3853,
8642,
4048,
7292,
7616,
3367,
4062,
3951,
3139,
5902,
9134,
5404,
6532,
5405,
5406,
7869,
5421,
5817,
5704,
6804,
5430,
4918,
4919,
8694,
5437,
4305,
5653,
6785,
4925,
8217,
5451,
3145,
7621,
4211,
8220,
7888,
7449,
5464,
8322,
4691,
7892,
8739,
8742,
6862,
3811,
8070,
3816,
5906,
4622,
4530,
3819,
6424,
3820,
4956,
3821,
8755,
6537,
6538,
8759,
7536,
5620,
8230,
4532,
5656,
8077,
8763,
8421,
6426,
7454,
8234,
7675,
5481,
4013,
8236,
6589,
8081,
8775,
6590,
3864,
8785,
7325,
5842,
8796,
5845,
6410,
3878,
3882,
7370,
7780,
8804,
7373,
5502,
3169,
6602,
5911,
3899,
6604,
8815,
6608,
3912,
8821,
7079,
7110,
3920,
4403,
6431,
7782,
6616,
8829,
7677,
6433,
6522,
7384,
3945,
7913,
8843,
8847,
7631,
7785,
8094,
7914,
8852,
6134,
7086,
3958,
8246,
8857,
8861,
8440,
7467,
8099,
2175,
8868,
3701,
7919,
8870,
4248,
5001,
7921,
7752,
8878,
7118,
8884,
5748,
4223,
4700,
8887,
3722,
5284,
5749,
5287,
8890,
5288,
3243,
7640,
8894,
7474,
4724,
4679,
7120,
4680,
7478,
3884,
3304,
3746,
8118,
7679,
7642,
5687,
7128,
7403,
3431,
3156,
3329,
3769,
3776,
6173,
6836,
3782,
6174,
3785,
3788,
5200,
6912,
7645,
3172,
3797,
6909,
8360,
6177,
7487,
6181,
3806,
3807,
4780,
3164,
7792,
7925,
4324,
5358,
6461,
7663,
5949,
6914,
3606,
8919,
3206,
5495,
3612,
3624,
3625,
4820,
5370,
6916,
8931,
5122,
5782,
8476,
4067,
8938,
6525,
3126,
6852,
7153,
7503,
7504,
8958,
8147,
3664,
8269,
4836,
3666,
4545,
3669,
8966,
7507,
8148,
7509,
8490,
5156,
5764,
9099,
7513,
8989,
6931,
8498,
4848,
8998,
7160,
7161,
9000,
5940,
4287,
7162,
7163,
5167,
3196,
5989,
7768,
5173,
6198,
5944,
3476,
6199,
5183,
5184,
3294,
9023,
4086,
7720,
7953,
3490,
9042,
6215,
6005,
5666,
7169,
7232,
8277,
7236,
7174,
5224,
5227,
8160,
4536,
5232,
3470,
7521,
8163,
3532,
5011,
5014,
8520,
5020,
3536,
7670,
8522,
7975,
6258,
4202,
4652,
8387,
3197,
6953,
3545,
4887,
8171,
3121,
8279,
5033,
8172,
6049,
4130,
3557,
8527,
8285,
8286,
7697,
7249,
4709,
5788,
6414,
7254,
6240,
9114,
8295,
4669,
6521,
8296,
7255,
3046,
8004,
6975,
8536,
7196,
6057,
6976,
5509,
3166,
6282,
8307,
6981,
6286,
4286,
6875,
5070,
5513,
5516,
5518,
8310,
6986,
6668,
8551,
5923,
5077,
5080,
7569,
8020,
5533,
9081,
3150,
6676,
7830,
5088,
4373,
6677,
4378,
7727,
4736,
3291,
5544,
3119,
5546,
4199,
6884,
8558,
3130,
7574,
5553,
7576,
5555,
3356,
7581,
4445,
7846,
1917,
3188,
6318,
8569,
7278,
6698,
4218,
5678,
7571,
4512,
5804,
7280,
5580,
5186,
7281,
6711,
4470,
6361,
7777,
6821,
3251,
6712,
6895,
4513,
8588,
4746,
7672,
4477,
6715,
5596,
5598,
5599,
3136,
6822,
4891,
3137,
3998,
6815,
7738,
7611,
3183,
8209,
3239,
8616,
4428,
6724,
7333,
6727,
4896,
4897,
5735,
5640,
8636,
4516,
8044,
3215,
4899,
4034,
9133,
8407,
7033,
3170,
5398,
8213,
6034,
4904,
3885,
4075,
8215,
7038,
4084,
8672,
5903,
8673,
5417,
8676,
7295,
4131,
6768,
4565,
3380,
7445,
5432,
5490,
3377,
8049,
8051,
4521,
7446,
4923,
5443,
7304,
4194,
5825,
8412,
6243,
8055,
4928,
4929,
8713,
4181,
7447,
4936,
4239,
5456,
7309,
4939,
5463,
4271,
8734,
6570,
4107,
7451,
7315,
8750,
8751,
6110,
3974,
8758,
2165,
6524,
8760,
6581,
7358,
3833,
3201,
3839,
7901,
3883,
4160,
6584,
8771,
7360,
4965,
6427,
5387,
8082,
7061,
5841,
4014,
8086,
3869,
7904,
8238,
7366,
5499,
7369,
7103,
5849,
7378,
7078,
4984,
7909,
8825,
6617,
4282,
5194,
4002,
8832,
8243,
8833,
4099,
8244,
8839,
6635,
8848,
7748,
4689,
7749,
7915,
3960,
3406,
7678,
3963,
7466,
3257,
3700,
3146,
8336,
8873,
6643,
6825,
3707,
5270,
8338,
5780,
5274,
8883,
3713,
8341,
4558,
7632,
4561,
9090,
6653,
7787,
8108,
4168,
5006,
3220,
8447,
4917,
4016,
8350,
5303,
3743,
4759,
3125,
4760,
4192,
3748,
8119,
4434,
3749,
6436,
8356,
5870,
5218,
7761,
3754,
3312,
3756,
6829,
8455,
6388,
3332,
4208,
3764,
8256,
8126,
7765,
4228,
3191,
3993,
6437,
3778,
5335,
8257,
8463,
3781,
6397,
3786,
8900,
5337,
3790,
8901,
4580,
4581,
7135,
4113,
6403,
3354,
4582,
8465,
7812,
4784,
7413,
3599,
6190,
6459,
4713,
6464,
8139,
8473,
6469,
8916,
4694,
7416,
8918,
6472,
5366,
7141,
4066,
4586,
8263,
6479,
9096,
8924,
4817,
7143,
7493,
8928,
8929,
4873,
5298,
4823,
5120,
3635,
3636,
4588,
5129,
5132,
7498,
3655,
8480,
7502,
8949,
4832,
4499,
5147,
6507,
5150,
5151,
3677,
7940,
8977,
7941,
7794,
3930,
5159,
6923,
7440,
3897,
4599,
5488,
4849,
7684,
3695,
4853,
9142,
5945,
5182,
8505,
7516,
3481,
4859,
5197,
8509,
8152,
7952,
7225,
5647,
9038,
7168,
4862,
6945,
5376,
6009,
3502,
3995,
8157,
7964,
5225,
3513,
7689,
4602,
7175,
3519,
7240,
5230,
6225,
5231,
6227,
5710,
8516,
9054,
5711,
4872,
5009,
5010,
7567,
8165,
9061,
4005,
8523,
4885,
7985,
3548,
3550,
8278,
7182,
7184,
5668,
3996,
8282,
7525,
4707]